350 -1 -1 -1 -1
0 747 388 826 458
1 747 388 826 458
2 747 390 827 458
3 747 391 829 459
4 747 391 827 458
5 746 390 825 459
6 745 390 825 460
7 746 391 826 461
8 747 392 825 461
9 747 392 826 460
10 750 392 825 461
11 746 389 822 457
12 746 385 825 456
13 746 385 826 451
14 749 382 827 453
15 746 380 825 451
16 744 379 824 448
17 744 376 825 443
18 746 371 824 442
19 747 366 823 439
20 742 366 821 435
21 739 361 822 436
22 743 361 822 431
23 744 357 819 428
24 745 357 821 426
25 745 352 819 423
26 745 347 819 420
27 742 348 817 420
28 745 346 818 417
29 742 342 819 414
30 740 340 820 411
31 741 336 816 409
32 742 335 817 405
33 740 336 818 405
34 741 332 817 402
35 742 328 818 399
36 741 323 818 396
37 738 321 817 391
38 739 318 818 387
39 740 319 816 389
40 741 316 817 385
41 742 312 818 380
42 738 306 815 380
43 739 304 817 377
44 737 299 815 372
45 736 300 814 375
46 737 299 813 369
47 738 295 813 366
48 736 293 809 365
49 740 289 809 359
50 742 284 809 354
51 738 284 811 355
52 738 281 810 353
53 736 279 810 349
54 737 272 808 344
55 734 269 809 341
56 733 265 807 335
57 734 265 809 339
58 739 262 808 332
59 735 258 807 330
60 736 256 808 329
61 737 254 806 327
62 732 250 805 319
63 733 249 806 321
64 732 247 806 319
65 732 246 806 317
66 732 243 803 314
67 731 241 804 310
68 730 237 803 309
69 729 239 804 309
70 729 235 800 306
71 728 234 802 304
72 727 231 801 302
73 727 229 800 301
74 724 226 798 299
75 726 227 800 297
76 724 225 799 296
77 723 222 797 294
78 724 221 797 292
79 723 218 796 288
80 723 215 795 288
81 723 216 794 286
82 723 213 794 283
83 722 211 794 282
84 723 208 794 280
85 720 207 793 277
86 719 205 792 274
87 720 205 793 275
88 719 203 791 274
89 719 202 791 272
90 718 199 790 269
91 716 197 788 268
92 714 194 788 264
93 714 193 788 264
94 715 193 788 263
95 715 190 788 262
96 715 190 785 261
97 712 189 783 258
98 711 190 782 256
99 711 190 783 257
100 713 190 781 256
101 711 188 780 255
102 710 189 779 253
103 709 188 778 254
104 707 189 775 253
105 705 187 776 255
106 707 188 774 254
107 706 193 773 253
108 706 191 772 253
109 703 191 770 252
110 704 194 768 253
111 705 192 769 253
112 702 192 769 254
113 697 191 765 254
114 699 194 765 256
115 696 194 760 256
116 701 197 762 256
117 697 196 761 255
118 696 197 758 257
119 695 197 758 256
120 692 199 757 258
121 692 200 756 258
122 694 199 753 256
123 690 201 754 259
124 692 201 751 259
125 686 202 749 261
126 686 203 748 260
127 689 202 749 262
128 683 202 745 263
129 685 205 746 263
130 688 204 744 261
131 685 204 743 263
132 684 207 741 263
133 683 209 740 265
134 683 209 741 267
135 684 211 739 265
136 680 211 738 267
137 683 215 736 269
138 683 216 733 269
139 680 219 731 271
140 678 222 732 274
141 676 220 733 273
142 677 224 733 276
143 676 226 731 280
144 677 230 729 282
145 675 233 728 287
146 675 239 728 292
147 675 239 728 291
148 675 241 728 296
149 673 250 727 300
150 674 246 727 298
151 678 241 730 295
152 681 240 732 289
153 680 239 733 289
154 683 236 734 287
155 688 235 737 286
156 691 237 739 288
157 691 236 744 290
158 694 238 746 290
159 695 238 746 290
160 697 240 748 291
161 699 241 750 293
162 701 243 754 294
163 705 245 757 295
164 708 244 758 298
165 708 246 759 297
166 707 247 761 297
167 712 248 764 298
168 714 248 766 299
169 717 250 768 300
170 718 251 770 302
171 718 250 771 302
172 722 251 772 302
173 723 253 774 304
174 725 252 778 304
175 729 255 778 305
176 730 257 781 307
177 730 257 782 308
178 733 257 784 307
179 734 258 787 310
180 735 261 787 310
181 740 259 791 311
182 741 260 792 313
183 742 262 792 313
184 743 264 795 313
185 745 265 795 314
186 747 266 797 315
187 749 266 799 315
188 751 267 802 318
189 752 268 802 316
190 753 268 803 316
191 754 270 805 320
192 755 271 805 320
193 755 272 808 320
194 756 273 810 324
195 757 274 810 322
196 759 275 811 323
197 760 276 813 323
198 765 277 816 324
199 765 277 817 326
200 765 278 818 326
201 766 279 817 328
202 767 280 820 327
203 768 280 821 329
204 772 280 821 327
205 773 280 823 329
206 774 280 825 329
207 772 281 826 329
208 773 282 828 332
209 776 283 828 332
210 779 284 829 332
211 781 286 829 333
212 784 286 832 334
213 783 290 832 333
214 785 291 833 334
215 786 293 831 333
216 787 297 831 335
217 789 297 833 336
218 793 301 830 336
219 793 300 832 338
220 798 301 834 335
221 796 300 835 338
222 795 301 834 339
223 798 304 834 340
224 795 305 836 341
225 793 307 835 341
226 798 308 836 343
227 798 307 836 342
228 804 306 840 342
229 796 302 842 344
230 800 307 840 341
231 796 298 841 342
232 801 298 842 342
233 798 297 841 344
234 791 296 843 345
235 793 297 845 346
236 793 297 844 347
237 792 296 845 347
238 792 296 845 348
239 793 298 844 348
240 793 298 845 349
241 791 300 846 350
242 795 301 845 349
243 794 297 847 350
244 793 299 844 350
245 792 301 844 350
246 792 301 844 351
247 792 302 846 352
248 792 302 843 352
249 791 302 845 353
250 792 302 844 352
251 792 304 844 355
252 792 303 843 355
253 790 304 844 354
254 790 304 844 355
255 792 305 844 357
256 791 306 844 355
257 792 305 842 356
258 791 304 845 357
259 790 306 843 356
260 790 307 840 357
261 791 306 841 357
262 789 307 841 356
263 790 308 842 358
264 791 307 841 358
265 789 307 841 357
266 789 307 841 357
267 789 308 840 360
268 788 308 840 359
269 788 308 841 359
270 789 307 841 358
271 789 307 841 358
272 789 307 841 358
273 789 307 841 358
274 789 307 841 358
275 789 307 841 358
276 789 307 841 358
277 789 307 841 358
278 789 307 841 358
279 789 307 841 358
280 789 307 841 358
281 789 307 841 358
282 789 307 841 358
283 789 307 841 358
284 789 307 841 358
285 789 307 841 358
286 789 307 841 358
287 789 307 841 358
288 789 307 841 358
289 789 307 841 358
290 789 307 841 358
291 789 307 841 358
292 789 307 841 358
293 789 307 841 358
294 789 307 841 358
295 789 307 841 358
296 789 307 841 358
297 789 307 841 358
298 789 307 841 358
299 789 307 841 358
300 789 307 841 358
301 789 307 841 358
302 789 307 841 358
303 789 307 841 358
304 789 307 841 358
305 789 307 841 358
306 789 307 841 358
307 789 307 841 358
308 789 307 841 358
309 789 307 841 358
310 789 307 841 358
311 789 307 841 358
312 789 307 841 358
313 789 307 841 358
314 789 307 841 358
315 789 307 841 358
316 789 307 841 358
317 789 307 841 358
318 789 307 841 358
319 789 307 841 358
320 789 307 841 358
321 789 307 841 358
322 789 307 841 358
323 789 307 841 358
324 789 307 841 358
325 789 307 841 358
326 789 307 841 358
327 789 307 841 358
328 789 307 841 358
329 789 307 841 358
330 789 307 841 358
331 789 307 841 358
332 789 307 841 358
333 789 307 841 358
334 789 307 841 358
335 789 307 841 358
336 789 307 841 358
337 789 307 841 358
338 789 307 841 358
339 789 307 841 358
340 789 307 841 358
341 789 307 841 358
342 789 307 841 358
343 789 307 841 358
344 789 307 841 358
345 789 307 841 358
346 789 307 841 358
347 789 307 841 358
348 789 307 841 358
349 789 307 841 358