569 -1 -1 -1 -1
0 430 375 509 441
1 431 376 512 441
2 441 373 511 441
3 440 377 510 439
4 444 383 512 441
5 433 381 510 444
6 435 375 513 441
7 434 377 513 442
8 433 377 512 444
9 431 374 511 445
10 436 376 512 444
11 433 378 511 443
12 436 379 511 443
13 434 378 509 442
14 436 375 510 443
15 433 377 510 442
16 434 377 511 442
17 435 376 512 441
18 435 377 510 445
19 434 377 512 443
20 433 376 511 442
21 435 374 511 440
22 434 373 511 442
23 434 373 511 440
24 434 375 511 437
25 435 374 511 437
26 436 369 514 432
27 436 370 512 430
28 437 371 512 436
29 437 367 512 425
30 437 365 512 428
31 435 364 511 420
32 435 360 512 423
33 436 361 511 422
34 436 358 512 419
35 435 357 512 418
36 436 355 514 414
37 439 351 517 411
38 439 352 514 411
39 439 353 514 410
40 438 351 515 411
41 440 352 514 409
42 439 350 512 410
43 440 350 515 410
44 439 350 514 410
45 439 349 516 407
46 439 349 515 409
47 442 349 516 407
48 442 346 516 409
49 442 348 514 407
50 443 346 514 407
51 442 346 514 410
52 442 349 514 406
53 441 350 515 409
54 440 350 514 405
55 442 351 514 407
56 443 348 515 409
57 443 343 514 406
58 443 344 514 409
59 443 345 515 409
60 444 349 516 407
61 445 351 516 411
62 445 353 516 410
63 444 351 517 409
64 441 351 517 407
65 444 348 516 409
66 445 344 516 410
67 445 346 516 410
68 444 345 518 410
69 447 344 516 411
70 449 345 517 411
71 450 348 517 410
72 447 349 518 409
73 447 351 520 410
74 448 344 517 409
75 445 345 517 410
76 446 346 517 410
77 446 345 518 409
78 447 347 518 410
79 445 346 518 410
80 451 345 520 411
81 456 348 519 414
82 454 348 519 411
83 451 345 520 412
84 448 348 520 410
85 450 348 520 411
86 452 349 523 411
87 450 349 520 412
88 451 351 522 411
89 453 349 522 413
90 450 351 522 413
91 452 354 520 412
92 458 352 522 414
93 453 355 519 413
94 452 355 519 414
95 454 356 518 413
96 454 357 520 417
97 454 357 523 418
98 456 358 523 415
99 456 359 524 415
100 454 358 524 417
101 456 359 523 419
102 455 360 523 418
103 457 359 525 420
104 456 360 524 418
105 455 359 524 417
106 456 360 522 419
107 457 360 525 418
108 456 360 525 422
109 459 359 524 420
110 459 360 523 421
111 460 362 526 421
112 460 362 527 420
113 459 360 528 418
114 460 360 527 420
115 462 359 528 417
116 462 358 528 418
117 463 359 528 415
118 462 358 530 414
119 463 356 530 414
120 462 355 530 413
121 464 355 531 413
122 467 355 528 412
123 466 353 530 412
124 466 352 530 411
125 467 353 532 410
126 469 351 534 410
127 466 350 533 410
128 468 351 532 411
129 467 348 532 409
130 468 351 532 407
131 468 350 534 409
132 468 350 533 409
133 468 346 533 410
134 469 346 533 406
135 472 349 535 406
136 470 348 535 407
137 468 347 535 405
138 466 346 534 406
139 471 345 539 405
140 469 344 534 405
141 473 343 533 404
142 472 344 537 403
143 472 346 539 403
144 474 342 539 399
145 476 343 540 403
146 474 341 538 398
147 474 341 539 399
148 474 342 539 399
149 475 342 540 399
150 477 339 539 398
151 475 338 539 397
152 475 343 537 398
153 478 340 543 399
154 478 342 541 400
155 475 339 541 399
156 478 338 542 398
157 479 340 543 399
158 482 340 543 398
159 477 338 546 397
160 481 338 543 396
161 480 338 543 397
162 483 336 543 396
163 481 336 543 396
164 484 336 546 394
165 482 336 546 394
166 483 334 546 392
167 484 333 548 391
168 484 332 548 388
169 486 328 549 387
170 487 328 551 388
171 488 328 551 386
172 487 326 550 386
173 489 325 553 382
174 489 324 551 382
175 492 322 553 379
176 492 318 554 379
177 492 320 555 378
178 492 317 553 376
179 492 317 553 375
180 492 314 556 374
181 492 312 558 369
182 493 312 558 371
183 493 312 558 368
184 493 311 557 368
185 493 307 557 368
186 498 307 558 366
187 498 307 561 364
188 500 305 560 361
189 498 306 560 361
190 500 302 563 355
191 499 301 562 359
192 501 300 564 358
193 501 296 563 355
194 502 297 563 353
195 505 295 563 356
196 506 294 562 349
197 505 293 562 348
198 505 290 565 346
199 504 289 566 346
200 506 288 565 344
201 506 287 568 346
202 508 286 568 342
203 510 284 566 341
204 510 282 568 341
205 510 282 569 336
206 511 279 574 336
207 511 279 572 336
208 514 279 569 336
209 515 276 570 334
210 516 276 571 333
211 515 274 571 330
212 516 273 573 330
213 514 274 573 328
214 516 272 572 328
215 515 271 574 327
216 515 268 577 325
217 518 266 574 323
218 518 264 577 321
219 521 265 577 323
220 518 266 577 322
221 522 264 579 320
222 523 263 579 319
223 521 262 578 319
224 522 260 579 315
225 524 262 578 317
226 525 259 579 314
227 527 259 579 312
228 529 259 581 314
229 526 259 580 313
230 528 257 583 311
231 529 258 581 312
232 528 257 584 313
233 528 258 586 311
234 530 256 584 307
235 532 257 585 310
236 529 256 584 311
237 531 256 588 306
238 530 256 587 309
239 530 256 587 309
240 532 255 589 305
241 534 257 587 309
242 534 258 588 305
243 535 257 587 304
244 535 257 589 307
245 536 255 592 306
246 538 260 593 306
247 542 259 593 309
248 544 262 593 306
249 540 260 592 310
250 542 262 602 305
251 543 255 597 307
252 545 263 596 307
253 549 263 595 307
254 550 262 597 309
255 548 262 596 307
256 548 264 603 309
257 550 265 600 311
258 550 268 602 313
259 553 274 601 314
260 555 272 604 318
261 554 271 605 318
262 556 275 603 319
263 558 281 605 326
264 557 284 609 329
265 558 286 608 332
266 559 290 605 333
267 557 291 610 332
268 560 292 608 336
269 558 295 614 340
270 560 296 608 342
271 565 300 604 346
272 566 305 605 348
273 564 306 603 349
274 567 309 605 352
275 565 315 607 355
276 567 313 609 356
277 568 317 612 361
278 571 320 612 366
279 567 318 614 366
280 570 324 618 369
281 569 327 611 373
282 572 325 612 376
283 573 329 614 379
284 570 332 614 382
285 574 333 618 380
286 573 335 612 383
287 579 337 611 376
288 577 337 615 378
289 580 342 612 380
290 581 344 614 379
291 581 345 616 382
292 581 347 616 382
293 580 349 616 386
294 580 355 616 386
295 579 354 616 387
296 583 359 617 392
297 582 357 616 395
298 582 363 618 396
299 581 368 620 400
300 580 371 618 403
301 582 375 622 406
302 585 380 620 414
303 585 381 619 414
304 583 384 626 417
305 585 387 624 426
306 584 393 623 427
307 588 398 624 432
308 587 404 620 441
309 588 403 622 440
310 587 411 619 445
311 586 416 620 452
312 588 424 623 460
313 588 430 619 460
314 586 437 622 472
315 588 432 624 469
316 592 441 623 472
317 591 444 632 479
318 589 455 627 484
319 592 458 631 489
320 594 465 625 496
321 590 463 620 494
322 590 462 623 494
323 590 461 622 496
324 583 466 617 495
325 585 467 619 500
326 582 470 615 504
327 581 467 615 498
328 578 465 616 499
329 577 468 612 502
330 575 471 612 503
331 576 472 610 506
332 572 473 604 505
333 574 471 608 507
334 568 475 607 507
335 570 472 605 507
336 566 476 600 510
337 565 477 608 510
338 565 477 603 509
339 566 478 600 511
340 564 478 597 510
341 562 482 595 512
342 559 479 593 514
343 558 480 591 514
344 557 483 593 515
345 555 483 589 515
346 555 482 592 515
347 554 485 589 515
348 554 486 585 517
349 552 486 588 519
350 551 488 586 520
351 549 484 583 520
352 547 487 584 522
353 547 487 583 523
354 545 489 583 525
355 542 487 581 524
356 541 492 581 525
357 541 490 577 526
358 541 493 579 526
359 538 493 574 529
360 536 494 573 529
361 535 492 570 528
362 536 496 569 527
363 538 496 572 528
364 535 498 572 532
365 533 499 572 533
366 533 498 571 533
367 530 500 564 533
368 530 500 566 535
369 529 500 564 538
370 529 500 563 537
371 529 501 563 537
372 528 500 562 541
373 527 503 563 540
374 522 502 558 540
375 526 503 560 540
376 525 504 561 542
377 523 506 560 541
378 523 506 558 542
379 523 508 556 543
380 520 508 555 543
381 521 509 561 542
382 520 510 555 545
383 519 510 555 544
384 516 511 553 549
385 515 511 556 549
386 515 513 554 546
387 515 514 554 549
388 513 514 553 548
389 516 514 554 549
390 512 515 553 549
391 511 513 551 549
392 511 516 549 550
393 512 514 549 553
394 510 515 546 555
395 510 517 546 552
396 508 516 546 552
397 506 518 548 553
398 506 518 546 553
399 506 516 542 555
400 506 519 546 555
401 507 519 543 554
402 505 519 543 557
403 504 521 543 556
404 505 522 542 557
405 506 522 542 556
406 504 522 543 558
407 503 521 542 559
408 503 523 542 559
409 503 522 541 558
410 504 524 540 558
411 503 522 541 559
412 501 523 540 559
413 501 525 540 560
414 503 524 538 561
415 501 525 538 559
416 501 524 540 560
417 499 523 541 561
418 500 523 539 561
419 499 525 538 563
420 500 524 535 563
421 501 527 535 561
422 501 526 538 564
423 501 526 537 564
424 500 527 539 563
425 500 529 538 565
426 500 529 539 565
427 500 530 539 563
428 500 529 538 566
429 501 530 539 564
430 501 530 539 565
431 499 531 535 566
432 499 531 538 566
433 500 528 539 565
434 501 531 537 567
435 502 532 538 566
436 500 531 539 567
437 498 532 539 566
438 501 530 537 569
439 500 531 538 566
440 501 533 538 567
441 500 533 540 569
442 500 533 539 567
443 499 533 538 568
444 502 532 537 567
445 502 532 537 567
446 502 532 537 567
447 502 532 537 567
448 502 532 537 567
449 502 532 537 567
450 502 532 537 567
451 502 532 537 567
452 502 532 537 567
453 502 532 537 567
454 502 532 537 567
455 502 532 537 567
456 502 532 537 567
457 502 532 537 567
458 502 532 537 567
459 502 532 537 567
460 502 532 537 567
461 502 532 537 567
462 502 532 537 567
463 502 532 537 567
464 502 532 537 567
465 502 532 537 567
466 502 532 537 567
467 502 532 537 567
468 502 532 537 567
469 502 532 537 567
470 502 532 537 567
471 502 532 537 567
472 502 532 537 567
473 502 532 537 567
474 502 532 537 567
475 502 532 537 567
476 502 532 537 567
477 502 532 537 567
478 502 532 537 567
479 502 532 537 567
480 502 532 537 567
481 502 532 537 567
482 502 532 537 567
483 502 532 537 567
484 502 532 537 567
485 502 532 537 567
486 502 532 537 567
487 502 532 537 567
488 502 532 537 567
489 502 532 537 567
490 502 532 537 567
491 502 532 537 567
492 502 532 537 567
493 502 532 537 567
494 502 532 537 567
495 502 532 537 567
496 502 532 537 567
497 502 532 537 567
498 502 532 537 567
499 502 532 537 567
500 502 532 537 567
501 502 532 537 567
502 502 532 537 567
503 502 532 537 567
504 502 532 537 567
505 502 532 537 567
506 502 532 537 567
507 502 532 537 567
508 502 532 537 567
509 502 532 537 567
510 502 532 537 567
511 502 532 537 567
512 502 532 537 567
513 502 532 537 567
514 502 532 537 567
515 502 532 537 567
516 502 532 537 567
517 502 532 537 567
518 502 532 537 567
519 502 532 537 567
520 502 532 537 567
521 502 532 537 567
522 502 532 537 567
523 502 532 537 567
524 502 532 537 567
525 502 532 537 567
526 502 532 537 567
527 502 532 537 567
528 502 532 537 567
529 502 532 537 567
530 502 532 537 567
531 502 532 537 567
532 502 532 537 567
533 502 532 537 567
534 502 532 537 567
535 502 532 537 567
536 502 532 537 567
537 502 532 537 567
538 502 532 537 567
539 502 532 537 567
540 502 532 537 567
541 502 532 537 567
542 502 532 537 567
543 502 532 537 567
544 502 532 537 567
545 502 532 537 567
546 502 532 537 567
547 502 532 537 567
548 502 532 537 567
549 502 532 537 567
550 502 532 537 567
551 502 532 537 567
552 502 532 537 567
553 502 532 537 567
554 502 532 537 567
555 502 532 537 567
556 502 532 537 567
557 502 532 537 567
558 502 532 537 567
559 502 532 537 567
560 502 532 537 567
561 502 532 537 567
562 502 532 537 567
563 502 532 537 567
564 502 532 537 567
565 502 532 537 567
566 502 532 537 567
567 502 532 537 567
568 502 532 537 567