442 -1 -1 -1 -1
0 887 323 970 395
1 890 327 968 393
2 891 326 971 396
3 889 326 971 398
4 892 325 969 399
5 892 328 972 395
6 895 327 972 397
7 895 329 972 397
8 894 329 972 397
9 894 331 972 398
10 897 329 974 400
11 896 330 977 399
12 898 332 976 401
13 895 332 977 400
14 894 332 979 399
15 894 330 978 399
16 896 333 979 398
17 899 330 979 402
18 902 328 981 398
19 902 329 983 398
20 903 329 983 396
21 903 326 984 394
22 904 325 984 394
23 906 323 983 389
24 904 322 985 388
25 906 319 983 384
26 909 320 984 384
27 904 318 987 382
28 910 315 986 379
29 909 314 986 379
30 912 311 987 376
31 909 309 989 374
32 910 310 988 373
33 910 307 988 372
34 912 305 993 367
35 916 301 992 366
36 916 300 991 365
37 915 302 991 366
38 913 303 996 364
39 916 300 994 366
40 918 301 996 361
41 919 298 995 364
42 917 298 996 361
43 922 297 995 361
44 920 300 999 364
45 922 298 997 360
46 922 298 997 360
47 920 297 1000 361
48 920 296 999 359
49 926 296 999 358
50 926 297 999 363
51 924 295 1003 360
52 924 297 1002 360
53 926 297 1002 361
54 924 297 1003 364
55 928 298 1004 363
56 928 298 1005 366
57 930 298 1004 363
58 930 298 1008 364
59 930 300 1007 366
60 933 298 1010 367
61 932 299 1009 365
62 932 300 1009 367
63 932 301 1009 368
64 934 301 1008 368
65 934 302 1010 369
66 935 303 1010 371
67 934 304 1011 371
68 935 304 1015 371
69 936 302 1011 372
70 938 304 1012 371
71 937 305 1015 373
72 940 307 1014 373
73 945 310 1015 376
74 945 306 1016 373
75 946 308 1015 376
76 942 308 1019 379
77 942 309 1018 376
78 944 312 1018 376
79 945 312 1018 378
80 945 311 1018 378
81 944 313 1019 380
82 945 314 1019 380
83 947 314 1018 380
84 945 314 1020 381
85 945 313 1022 382
86 943 314 1019 380
87 943 315 1019 382
88 945 315 1024 379
89 945 313 1024 380
90 944 314 1020 378
91 944 312 1023 379
92 946 313 1020 380
93 945 312 1026 378
94 945 310 1020 379
95 945 311 1020 378
96 944 311 1022 376
97 942 311 1019 375
98 944 311 1019 376
99 944 307 1019 374
100 952 309 1019 376
101 949 309 1019 373
102 948 308 1018 373
103 947 307 1017 373
104 944 307 1018 372
105 945 307 1018 372
106 945 305 1016 369
107 943 302 1017 368
108 948 298 1017 366
109 947 297 1016 361
110 948 298 1019 363
111 942 295 1020 357
112 945 290 1018 357
113 943 287 1018 352
114 946 283 1015 348
115 945 280 1010 345
116 947 276 1015 344
117 942 276 1016 341
118 944 274 1015 337
119 944 267 1015 333
120 941 261 1015 329
121 944 259 1017 325
122 943 258 1015 326
123 941 255 1015 323
124 942 250 1014 317
125 944 246 1014 312
126 944 243 1012 307
127 943 237 1012 305
128 942 237 1012 304
129 942 232 1012 302
130 941 227 1011 295
131 942 224 1014 295
132 942 220 1014 290
133 941 217 1012 286
134 939 217 1014 287
135 942 214 1011 279
136 938 209 1012 279
137 939 205 1012 273
138 942 203 1011 271
139 940 201 1010 268
140 940 200 1007 269
141 941 193 1010 264
142 940 195 1010 260
143 939 189 1007 256
144 938 186 1008 252
145 937 184 1008 252
146 938 182 1008 250
147 938 180 1007 245
148 938 179 1004 243
149 937 175 1005 240
150 936 173 1003 234
151 936 172 1001 234
152 937 173 1003 234
153 935 161 1002 230
154 939 164 1004 228
155 934 161 1003 226
156 931 162 997 225
157 929 158 995 223
158 929 158 996 226
159 930 155 996 222
160 927 152 993 220
161 927 152 994 217
162 925 150 992 217
163 925 150 992 212
164 922 150 991 212
165 922 147 988 212
166 921 146 986 209
167 921 145 987 209
168 920 143 984 206
169 917 141 984 206
170 919 142 981 206
171 916 142 984 202
172 915 140 980 200
173 915 139 978 198
174 916 137 976 199
175 916 136 972 197
176 913 138 973 196
177 912 138 972 197
178 908 135 969 195
179 913 135 968 192
180 915 133 966 195
181 909 133 963 192
182 908 132 964 192
183 907 131 961 192
184 907 131 961 189
185 900 132 956 189
186 906 133 956 191
187 896 134 953 190
188 897 134 954 190
189 893 133 950 191
190 892 134 949 190
191 890 132 947 191
192 891 133 945 189
193 888 134 943 190
194 888 135 945 189
195 888 136 942 190
196 886 135 940 191
197 884 134 937 191
198 884 139 935 191
199 881 141 934 191
200 881 138 934 191
201 879 141 932 194
202 875 143 928 194
203 874 146 928 200
204 874 150 928 203
205 873 158 925 207
206 872 156 923 206
207 871 163 922 214
208 870 170 920 218
209 868 177 918 226
210 869 184 915 232
211 866 187 912 232
212 867 188 914 230
213 861 180 905 227
214 852 179 902 222
215 850 177 894 221
216 846 175 886 220
217 839 175 883 215
218 842 170 884 214
219 839 173 880 217
220 833 177 874 217
221 830 177 872 222
222 825 177 867 222
223 825 181 866 222
224 825 181 866 223
225 822 183 863 223
226 817 186 857 226
227 816 187 857 228
228 813 188 854 228
229 810 191 851 231
230 811 190 849 231
231 807 193 849 231
232 805 194 843 233
233 801 194 839 234
234 800 196 839 238
235 797 197 834 236
236 796 197 835 239
237 795 197 834 238
238 792 199 832 240
239 787 200 827 243
240 784 201 823 244
241 780 202 821 245
242 781 203 824 246
243 777 205 820 248
244 774 206 816 249
245 770 206 815 252
246 768 206 811 254
247 766 209 809 255
248 766 208 809 255
249 764 209 809 256
250 763 210 803 257
251 759 213 804 257
252 757 213 800 259
253 754 214 799 261
254 754 217 800 260
255 750 216 797 264
256 749 216 796 264
257 747 218 792 265
258 745 218 791 267
259 742 221 788 268
260 742 220 789 267
261 739 223 786 268
262 738 223 783 268
263 736 225 782 271
264 734 225 780 272
265 730 226 777 272
266 732 226 778 273
267 729 229 777 274
268 727 228 773 275
269 725 229 771 276
270 723 231 770 278
271 719 230 768 278
272 721 233 768 279
273 719 233 764 280
274 716 235 763 280
275 714 236 762 283
276 712 237 759 283
277 709 239 757 284
278 711 239 757 283
279 709 240 755 286
280 705 241 753 286
281 706 241 750 287
282 704 241 749 288
283 702 243 748 290
284 701 243 749 290
285 700 245 744 292
286 698 246 743 293
287 696 246 743 293
288 695 248 739 293
289 692 248 738 294
290 693 248 739 294
291 692 250 736 294
292 690 250 736 295
293 688 252 734 296
294 689 252 732 296
295 687 254 731 298
296 687 254 731 299
297 684 254 729 301
298 681 255 728 303
299 680 257 726 303
300 679 259 723 305
301 677 258 722 306
302 678 258 722 305
303 675 259 724 306
304 677 260 721 307
305 674 260 720 308
306 673 262 717 308
307 671 261 717 310
308 671 262 716 311
309 669 262 716 312
310 669 263 713 313
311 668 264 712 311
312 666 266 712 315
313 665 265 711 315
314 666 266 711 313
315 662 266 709 314
316 663 268 708 317
317 662 268 707 315
318 661 267 706 317
319 661 270 706 317
320 659 268 706 317
321 659 271 705 318
322 657 270 704 320
323 656 270 701 321
324 657 273 700 320
325 658 271 703 321
326 656 276 701 322
327 654 275 702 324
328 654 272 697 323
329 653 275 698 325
330 654 275 699 324
331 653 277 699 325
332 652 277 698 326
333 653 276 702 326
334 652 280 698 326
335 649 280 694 327
336 647 279 698 327
337 648 281 694 330
338 647 281 694 327
339 647 280 694 327
340 649 280 693 328
341 647 282 694 327
342 649 282 692 327
343 646 282 692 329
344 645 282 695 328
345 645 281 692 329
346 646 281 691 330
347 645 281 694 330
348 644 280 692 330
349 646 282 693 330
350 645 280 691 328
351 644 282 692 329
352 644 283 689 331
353 644 280 689 331
354 643 281 688 330
355 643 283 688 331
356 643 284 687 328
357 643 284 687 328
358 643 284 687 328
359 643 284 687 328
360 643 284 687 328
361 643 284 687 328
362 643 284 687 328
363 643 284 687 328
364 643 284 687 328
365 643 284 687 328
366 643 284 687 328
367 643 284 687 328
368 643 284 687 328
369 643 284 687 328
370 643 284 687 328
371 643 284 687 328
372 643 284 687 328
373 643 284 687 328
374 643 284 687 328
375 643 284 687 328
376 643 284 687 328
377 643 284 687 328
378 643 284 687 328
379 643 284 687 328
380 643 284 687 328
381 643 284 687 328
382 643 284 687 328
383 643 284 687 328
384 643 284 687 328
385 643 284 687 328
386 643 284 687 328
387 643 284 687 328
388 643 284 687 328
389 643 284 687 328
390 643 284 687 328
391 643 284 687 328
392 643 284 687 328
393 643 284 687 328
394 643 284 687 328
395 643 284 687 328
396 643 284 687 328
397 643 284 687 328
398 643 284 687 328
399 643 284 687 328
400 643 284 687 328
401 643 284 687 328
402 643 284 687 328
403 643 284 687 328
404 643 284 687 328
405 643 284 687 328
406 643 284 687 328
407 643 284 687 328
408 643 284 687 328
409 643 284 687 328
410 643 284 687 328
411 643 284 687 328
412 643 284 687 328
413 643 284 687 328
414 643 284 687 328
415 643 284 687 328
416 643 284 687 328
417 643 284 687 328
418 643 284 687 328
419 643 284 687 328
420 643 284 687 328
421 643 284 687 328
422 643 284 687 328
423 643 284 687 328
424 643 284 687 328
425 643 284 687 328
426 643 284 687 328
427 643 284 687 328
428 643 284 687 328
429 643 284 687 328
430 643 284 687 328
431 643 284 687 328
432 643 284 687 328
433 643 284 687 328
434 643 284 687 328
435 643 284 687 328
436 643 284 687 328
437 643 284 687 328
438 643 284 687 328
439 643 284 687 328
440 643 284 687 328
441 643 284 687 328
