228 -1 -1 -1 -1
0 238 366 304 426
1 237 368 304 426
2 238 369 304 427
3 238 366 304 428
4 237 366 303 426
5 236 366 301 426
6 232 365 300 427
7 232 365 301 424
8 233 366 301 426
9 234 367 299 425
10 233 365 298 425
11 233 365 298 426
12 231 366 298 424
13 231 366 298 426
14 231 366 298 425
15 231 366 296 426
16 231 366 296 425
17 230 367 297 426
18 229 366 296 426
19 228 367 296 429
20 229 368 294 426
21 226 368 294 428
22 227 370 294 427
23 227 370 292 430
24 223 370 293 430
25 223 370 291 431
26 225 370 292 431
27 225 370 291 430
28 224 370 289 431
29 222 370 292 432
30 221 370 289 431
31 221 370 289 431
32 222 370 287 431
33 220 370 287 432
34 220 369 287 431
35 220 370 288 431
36 219 370 287 430
37 219 368 285 431
38 218 369 286 429
39 218 369 285 428
40 218 368 286 430
41 218 368 284 428
42 217 368 283 428
43 217 367 283 427
44 218 366 282 427
45 217 365 284 426
46 215 365 284 426
47 216 365 286 426
48 217 364 285 426
49 219 362 287 423
50 220 360 287 424
51 220 358 287 421
52 220 358 287 421
53 221 358 288 419
54 222 355 287 418
55 223 352 286 415
56 221 354 287 413
57 220 351 287 412
58 222 349 288 409
59 223 344 288 407
60 221 344 287 406
61 224 341 288 402
62 225 342 289 404
63 225 338 290 399
64 226 335 291 398
65 227 335 290 397
66 227 331 292 393
67 228 328 290 388
68 226 328 287 387
69 228 325 290 385
70 233 320 290 382
71 226 318 291 378
72 228 317 291 375
73 231 314 294 374
74 231 313 292 373
75 232 311 294 370
76 235 309 294 365
77 236 306 294 365
78 234 303 296 365
79 235 302 296 363
80 236 303 294 360
81 236 300 296 359
82 240 298 295 358
83 245 296 299 355
84 246 298 298 351
85 239 293 300 352
86 239 293 299 352
87 240 292 299 351
88 244 290 301 348
89 248 290 301 348
90 251 286 303 346
91 247 284 304 343
92 250 286 304 343
93 245 283 305 340
94 246 279 306 340
95 249 280 308 336
96 250 276 309 334
97 256 275 309 331
98 257 274 310 331
99 256 272 309 330
100 259 269 311 327
101 262 268 311 325
102 259 264 313 321
103 260 263 314 319
104 260 263 313 318
105 261 261 313 318
106 265 259 314 315
107 269 256 315 312
108 270 255 315 311
109 269 251 315 309
110 267 252 315 310
111 267 250 315 307
112 267 249 315 305
113 267 247 317 304
114 271 245 318 302
115 269 244 318 299
116 272 244 320 301
117 270 243 318 297
118 270 242 318 294
119 274 240 320 293
120 273 239 320 291
121 276 237 322 289
122 274 235 325 290
123 275 234 324 288
124 277 233 322 287
125 279 232 325 284
126 279 228 322 282
127 281 228 325 283
128 281 229 325 281
129 282 224 329 278
130 283 225 330 277
131 286 224 332 275
132 286 221 334 272
133 288 220 336 272
134 288 219 331 271
135 289 218 328 268
136 290 216 333 268
137 291 215 334 267
138 292 214 334 266
139 296 214 335 264
140 295 213 338 263
141 297 214 335 264
142 298 214 337 264
143 298 213 337 262
144 300 215 339 264
145 303 217 345 266
146 301 217 342 265
147 303 219 343 267
148 304 220 346 268
149 306 222 348 271
150 307 225 350 273
151 310 229 350 276
152 309 228 349 275
153 312 233 352 278
154 312 235 353 283
155 312 240 351 286
156 315 246 356 293
157 316 249 355 298
158 316 251 356 297
159 317 257 366 306
160 319 264 360 312
161 318 275 362 324
162 320 288 362 336
163 320 303 363 348
164 320 305 368 349
165 321 318 363 360
166 320 330 368 372
167 321 340 364 382
168 321 351 364 397
169 321 366 364 407
170 320 364 364 407
171 319 376 364 418
172 321 387 368 433
173 321 392 364 436
174 323 392 367 436
175 322 391 369 436
176 324 390 368 436
177 324 392 370 436
178 325 392 372 436
179 325 392 373 437
180 328 391 375 436
181 326 394 373 436
182 328 394 375 436
183 328 396 374 438
184 330 394 375 439
185 331 395 378 440
186 332 395 379 439
187 334 397 377 439
188 334 395 378 436
189 333 396 380 440
190 333 397 380 440
191 335 398 378 440
192 332 398 382 440
193 336 400 382 442
194 337 397 380 439
195 337 398 384 441
196 336 398 381 441
197 337 398 382 442
198 336 398 382 442
199 337 399 384 443
200 337 398 384 441
201 337 398 384 441
202 337 398 384 441
203 337 398 384 441
204 337 398 384 441
205 337 398 384 441
206 337 398 384 441
207 337 398 384 441
208 337 398 384 441
209 337 398 384 441
210 337 398 384 441
211 337 398 384 441
212 337 398 384 441
213 337 398 384 441
214 337 398 384 441
215 337 398 384 441
216 337 398 384 441
217 337 398 384 441
218 337 398 384 441
219 337 398 384 441
220 337 398 384 441
221 337 398 384 441
222 337 398 384 441
223 337 398 384 441
224 337 398 384 441
225 337 398 384 441
226 337 398 384 441
227 337 398 384 441
