352 -1 -1 -1 -1
0 758 314 828 390
1 757 312 830 391
2 755 309 830 385
3 756 307 830 386
4 754 303 829 383
5 749 300 830 376
6 748 297 830 373
7 748 297 830 375
8 747 295 830 369
9 746 291 832 367
10 747 290 830 364
11 744 287 830 362
12 745 285 831 361
13 747 285 830 362
14 745 282 830 359
15 746 281 831 358
16 745 280 833 357
17 746 279 830 353
18 745 277 830 352
19 744 277 827 352
20 744 276 827 350
21 744 276 827 352
22 745 276 827 350
23 744 276 825 348
24 742 278 825 347
25 741 278 826 348
26 742 278 827 349
27 744 278 824 346
28 742 279 825 348
29 743 279 824 347
30 744 277 824 346
31 742 279 824 347
32 748 278 823 347
33 752 277 822 346
34 742 278 824 349
35 742 277 823 348
36 741 279 823 350
37 741 280 823 349
38 740 281 821 349
39 740 283 820 350
40 739 281 820 350
41 739 282 821 352
42 738 283 821 353
43 739 285 821 353
44 739 284 820 355
45 739 286 820 354
46 743 288 820 355
47 744 287 819 358
48 747 288 818 359
49 747 289 818 360
50 750 290 818 360
51 753 290 818 364
52 754 293 819 363
53 756 294 818 368
54 754 295 817 368
55 756 294 817 368
56 741 296 817 368
57 740 298 816 371
58 739 299 817 374
59 740 303 817 377
60 739 306 815 380
61 742 304 815 379
62 747 307 817 382
63 744 311 817 387
64 736 312 818 387
65 739 315 815 388
66 739 317 816 390
67 738 316 817 393
68 737 317 817 394
69 738 320 815 393
70 738 324 815 399
71 738 325 816 402
72 739 329 816 402
73 737 327 816 404
74 739 328 817 402
75 738 327 817 403
76 737 329 816 403
77 737 329 817 402
78 737 329 818 402
79 738 328 817 402
80 737 325 817 402
81 737 328 818 402
82 736 328 816 401
83 736 327 817 402
84 736 326 816 402
85 735 325 816 402
86 737 325 815 400
87 735 325 815 398
88 735 326 815 398
89 735 325 818 397
90 736 324 814 400
91 733 325 815 399
92 735 325 813 397
93 734 324 812 398
94 734 324 811 397
95 732 324 810 397
96 732 323 811 397
97 731 323 810 397
98 732 323 808 395
99 733 321 807 395
100 732 322 805 393
101 730 321 806 394
102 730 319 805 393
103 731 319 805 391
104 730 319 806 392
105 727 318 805 392
106 727 316 804 389
107 727 316 802 388
108 728 314 803 387
109 726 313 803 388
110 725 311 802 385
111 725 311 800 384
112 724 309 801 382
113 723 308 799 378
114 722 305 796 378
115 722 305 795 376
116 721 302 796 377
117 721 299 793 373
118 722 296 790 367
119 719 295 789 363
120 718 292 780 359
121 717 291 777 362
122 715 285 782 359
123 714 283 784 353
124 713 280 782 350
125 712 275 782 344
126 712 270 777 337
127 712 269 779 336
128 709 263 775 331
129 710 260 772 328
130 709 256 772 322
131 707 251 771 316
132 705 245 771 309
133 705 244 770 312
134 705 241 768 304
135 704 237 766 299
136 703 232 763 295
137 703 227 763 288
138 700 221 762 282
139 700 220 761 285
140 699 216 762 278
141 697 211 758 271
142 698 207 758 268
143 695 200 754 262
144 694 195 752 257
145 695 194 754 257
146 693 191 752 250
147 692 186 749 246
148 693 181 749 236
149 691 176 744 236
150 691 174 746 230
151 691 173 744 231
152 690 168 740 229
153 690 166 737 226
154 687 163 734 220
155 689 158 740 214
156 686 157 735 212
157 687 157 732 212
158 686 152 733 209
159 686 151 730 205
160 684 146 730 205
161 683 145 728 202
162 682 144 727 198
163 682 145 726 197
164 681 143 727 195
165 682 141 728 196
166 681 140 728 192
167 680 140 727 188
168 677 138 726 191
169 678 138 720 188
170 677 138 720 187
171 677 139 724 192
172 676 139 721 189
173 676 140 718 193
174 674 143 716 195
175 674 144 720 194
176 674 148 714 196
177 673 152 715 198
178 673 155 713 202
179 670 161 713 209
180 671 166 712 215
181 671 167 712 216
182 670 173 711 221
183 669 180 710 226
184 667 185 711 234
185 668 193 710 240
186 668 200 706 242
187 668 202 716 245
188 667 208 710 251
189 667 214 709 259
190 667 222 709 264
191 667 230 707 271
192 664 236 706 280
193 667 238 708 277
194 666 244 704 286
195 666 251 705 295
196 665 258 706 300
197 663 268 702 310
198 662 276 704 317
199 661 274 701 317
200 660 283 703 325
201 659 292 701 333
202 659 300 699 342
203 659 309 699 350
204 658 320 698 360
205 657 320 698 359
206 658 328 697 369
207 656 337 696 378
208 657 348 694 388
209 657 357 696 396
210 656 369 696 407
211 655 368 695 408
212 654 369 699 412
213 653 370 690 412
214 654 372 690 412
215 652 372 687 412
216 652 372 690 412
217 653 373 689 413
218 650 373 688 413
219 652 375 688 409
220 652 377 687 415
221 650 376 687 412
222 651 376 687 412
223 649 374 687 413
224 650 376 685 415
225 650 377 688 410
226 649 376 684 414
227 651 376 686 411
228 650 375 685 411
229 650 376 685 412
230 648 376 684 410
231 651 376 686 413
232 647 376 687 412
233 649 376 684 412
234 648 376 682 412
235 649 376 684 412
236 648 375 684 412
237 648 375 684 412
238 649 373 684 412
239 646 373 685 412
240 646 375 687 411
241 649 374 685 412
242 648 374 685 413
243 645 374 687 411
244 648 373 686 411
245 648 375 684 411
246 648 375 684 411
247 648 375 684 411
248 648 375 684 411
249 648 375 684 411
250 648 375 684 411
251 648 375 684 411
252 648 375 684 411
253 648 375 684 411
254 648 375 684 411
255 648 375 684 411
256 648 375 684 411
257 648 375 684 411
258 648 375 684 411
259 648 375 684 411
260 648 375 684 411
261 648 375 684 411
262 648 375 684 411
263 648 375 684 411
264 648 375 684 411
265 648 375 684 411
266 648 375 684 411
267 648 375 684 411
268 648 375 684 411
269 648 375 684 411
270 648 375 684 411
271 648 375 684 411
272 648 375 684 411
273 648 375 684 411
274 648 375 684 411
275 648 375 684 411
276 648 375 684 411
277 648 375 684 411
278 648 375 684 411
279 648 375 684 411
280 648 375 684 411
281 648 375 684 411
282 648 375 684 411
283 648 375 684 411
284 648 375 684 411
285 648 375 684 411
286 648 375 684 411
287 648 375 684 411
288 648 375 684 411
289 648 375 684 411
290 648 375 684 411
291 648 375 684 411
292 648 375 684 411
293 648 375 684 411
294 648 375 684 411
295 648 375 684 411
296 648 375 684 411
297 648 375 684 411
298 648 375 684 411
299 648 375 684 411
300 648 375 684 411
301 648 375 684 411
302 648 375 684 411
303 648 375 684 411
304 648 375 684 411
305 648 375 684 411
306 648 375 684 411
307 648 375 684 411
308 648 375 684 411
309 648 375 684 411
310 648 375 684 411
311 648 375 684 411
312 648 375 684 411
313 648 375 684 411
314 648 375 684 411
315 648 375 684 411
316 648 375 684 411
317 648 375 684 411
318 648 375 684 411
319 648 375 684 411
320 648 375 684 411
321 648 375 684 411
322 648 375 684 411
323 648 375 684 411
324 648 375 684 411
325 648 375 684 411
326 648 375 684 411
327 648 375 684 411
328 648 375 684 411
329 648 375 684 411
330 648 375 684 411
331 648 375 684 411
332 648 375 684 411
333 648 375 684 411
334 648 375 684 411
335 648 375 684 411
336 648 375 684 411
337 648 375 684 411
338 648 375 684 411
339 648 375 684 411
340 648 375 684 411
341 648 375 684 411
342 648 375 684 411
343 648 375 684 411
344 648 375 684 411
345 648 375 684 411
346 648 375 684 411
347 648 375 684 411
348 648 375 684 411
349 648 375 684 411
350 648 375 684 411
351 648 375 684 411
